['age_cat', 'race']
(2, 5) --> 1
(2, 0) --> 2
(2, 1) --> 3
(1, 0) --> 4
(1, 1) --> 5
(2, 2) --> 6
(1, 5) --> 7
(1, 3) --> 8
(1, 2) --> 9
(2, 3) --> 10
(1, 4) --> 11
(0, 0) --> 0
(0, 1) --> 12
(0, 2) --> 13
(0, 3) --> 14
(0, 5) --> 15
(0, 4) --> 16
(2, 4) --> 17


5     0.307518
4     0.182761
12    0.131076
2     0.101750
3     0.075826
0     0.056222
9     0.047148
7     0.031432
13    0.017660
6     0.017660
1     0.012152
15    0.011990
8     0.002268
10    0.001782
11    0.001134
14    0.000972
17    0.000324
16    0.000324
Name: group, dtype: float64