['age_cat', 'race', 'sex']
(0, 1, 1) --> 1
(2, 1, 1) --> 2
(2, 0, 0) --> 3
(0, 0, 1) --> 4
(0, 0, 0) --> 0
(2, 1, 0) --> 5
(2, 0, 1) --> 6
(0, 1, 0) --> 7
(1, 0, 1) --> 8
(1, 1, 1) --> 9
(1, 1, 0) --> 10
(1, 0, 0) --> 11


Percentages of Groups
2     0.321128
6     0.139501
9     0.133992
1     0.091866
4     0.078743
5     0.068373
8     0.044394
3     0.043260
10    0.028030
0     0.023007
7     0.015878
11    0.011828
Name: group, dtype: float64

Exposure Per Groups
    group  exposure
4       0  1.236831
3       4  1.148623
7       7  1.121295
0       1  1.108922
2       3  1.039152
5       5  1.012128
6       6  1.000134
1       2  0.970382
8       8  0.903952
10     10  0.903593
11     11  0.902800
9       9  0.895527

Following groups were set to be non-protected: [0 4 7 1 3 5 6 2 8]

Renamed the following groups: 
10 --> 1
11 --> 2
9 --> 3